sp|Q3LFU0|CP1A1_BALAC	YHR007C	23.83	277	176	8	240	492	236	501	2e-12	67.4
sp|P56590|CP1A1_CANFA	YHR007C	24.10	278	174	9	240	492	236	501	1e-14	74.7
sp|Q06367|CP1A1_CAVPO	YDR402C	28.03	264	167	9	234	488	221	470	7e-13	68.6
sp|Q92039|CP1A1_CHACA	YHR007C	23.81	231	142	7	284	492	281	499	8e-09	55.8
sp|P79716|CP1A1_DICLA	YHR007C	23.34	287	175	11	242	498	236	507	3e-08	54.3
sp|Q5KQT7|CP1A1_FELCA	YDR402C	28.20	266	166	10	242	497	220	470	4e-13	69.3
sp|P04798|CP1A1_HUMAN	YHR007C	25.90	278	169	11	236	488	236	501	5e-13	69.3
sp|O42430|CP1A1_LIMLI	YDR402C	27.80	277	152	12	243	498	221	470	8e-13	68.6
sp|O42231|CP1A1_LIZAU	YDR402C	27.54	276	154	12	243	498	221	470	2e-12	67.0
sp|Q9W683|CP1A1_LIZSA	YDR402C	24.13	460	276	19	66	498	57	470	8e-13	68.6
sp|P33616|CP1A1_MACFA	YHR007C	24.82	278	172	10	236	488	236	501	5e-13	68.9
sp|Q6GUR1|CP1A1_MACMU	YHR007C	24.82	278	172	10	236	488	236	501	3e-13	69.7
sp|Q00557|CP1A1_MESAU	YHR007C	23.16	272	184	6	240	492	236	501	2e-13	70.5
sp|Q92148|CP1A1_MICTO	YDR402C	27.07	266	168	12	239	494	221	470	7e-13	68.6
sp|P00184|CP1A1_MOUSE	YDR402C	28.30	265	167	10	242	497	221	471	5e-14	72.0
sp|Q92110|CP1A1_ONCMY	YDR402C	24.25	466	297	20	51	498	43	470	2e-12	67.4
sp|Q92095|CP1A1_OPSTA	YDR402C	24.66	442	282	18	73	498	64	470	5e-13	69.3
sp|Q6JZS3|CP1A1_ORYLA	YDR402C	25.48	263	176	9	243	498	221	470	7e-11	62.4
sp|P98181|CP1A1_PAGMA	YDR402C	24.53	265	173	8	240	492	221	470	5e-09	56.2
sp|Q9YH64|CP1A1_PLAFE	YDR402C	24.89	458	275	21	66	498	57	470	1e-13	71.2
sp|Q92100|CP1A1_PLEPL	YDR402C	27.80	277	152	13	243	498	221	470	9e-13	68.2
sp|P05176|CP1A1_RABIT	YDR402C	29.11	237	146	9	276	496	240	470	4e-13	69.3
sp|P00185|CP1A1_RAT	YDR402C	27.55	265	169	9	242	497	221	471	1e-12	67.8
sp|P56591|CP1A1_SHEEP	YDR402C	26.69	251	160	10	258	499	235	470	8e-11	62.4
sp|O42457|CP1A1_SPAAU	YHR007C	22.68	291	172	10	241	497	236	507	2e-10	60.8
sp|Q92116|CP1A1_STECH	YHR007C	24.22	289	170	11	241	497	236	507	6e-12	65.9
